0.000000 0.000000 0.000000 -0.000001 -0.000000 
0.003906 0.001841 -0.000004 -15.079568 -0.001841 
0.007812 0.003681 -0.000007 -30.158567 -0.003681 
0.011719 0.005522 -0.000011 -45.236431 -0.005522 
0.015625 0.007362 -0.000015 -60.312592 -0.007362 
0.019531 0.009202 -0.000018 -75.386482 -0.009202 
0.023438 0.011042 -0.000022 -90.457533 -0.011042 
0.027344 0.012881 -0.000026 -105.525179 -0.012881 
0.031250 0.014720 -0.000030 -120.588852 -0.014720 
0.035156 0.016559 -0.000033 -135.647985 -0.016559 
0.039062 0.018396 -0.000037 -150.702011 -0.018396 
0.042969 0.020233 -0.000041 -165.750363 -0.020233 
0.046875 0.022069 -0.000044 -180.792475 -0.022069 
0.050781 0.023905 -0.000048 -195.827780 -0.023905 
0.054688 0.025739 -0.000052 -210.855712 -0.025739 
0.058594 0.027573 -0.000055 -225.875705 -0.027573 
0.062500 0.029405 -0.000059 -240.887194 -0.029405 
0.066406 0.031236 -0.000063 -255.889615 -0.031236 
0.070312 0.033067 -0.000066 -270.882401 -0.033067 
0.074219 0.034896 -0.000070 -285.864988 -0.034896 
0.078125 0.036723 -0.000074 -300.836813 -0.036723 
0.082031 0.038549 -0.000078 -315.797311 -0.038549 
0.085938 0.040374 -0.000081 -330.745920 -0.040374 
0.089844 0.042197 -0.000085 -345.682077 -0.042197 
0.093750 0.044019 -0.000089 -360.605218 -0.044019 
0.097656 0.045839 -0.000092 -375.514783 -0.045839 
0.101562 0.047657 -0.000096 -390.410211 -0.047657 
0.105469 0.049474 -0.000100 -405.290939 -0.049474 
0.109375 0.051289 -0.000103 -420.156409 -0.051289 
0.113281 0.053101 -0.000107 -435.006060 -0.053101 
0.117188 0.054912 -0.000110 -449.839333 -0.054912 
0.121094 0.056721 -0.000114 -464.655670 -0.056721 
0.125000 0.058527 -0.000118 -479.454513 -0.058527 
0.128906 0.060331 -0.000121 -494.235304 -0.060331 
0.132812 0.062133 -0.000125 -508.997488 -0.062133 
0.136719 0.063933 -0.000129 -523.740509 -0.063933 
0.140625 0.065730 -0.000132 -538.463811 -0.065730 
0.144531 0.067525 -0.000136 -553.166840 -0.067525 
0.148438 0.069317 -0.000139 -567.849043 -0.069317 
0.152344 0.071107 -0.000143 -582.509867 -0.071107 
0.156250 0.072894 -0.000147 -597.148759 -0.072894 
0.160156 0.074678 -0.000150 -611.765169 -0.074678 
0.164062 0.076460 -0.000154 -626.358547 -0.076460 
0.167969 0.078238 -0.000157 -640.928342 -0.078238 
0.171875 0.080014 -0.000161 -655.474007 -0.080014 
0.175781 0.081786 -0.000165 -669.994993 -0.081786 
0.179688 0.083556 -0.000168 -684.490755 -0.083556 
0.183594 0.085322 -0.000172 -698.960746 -0.085322 
0.187500 0.087085 -0.000175 -713.404422 -0.087085 
0.191406 0.088845 -0.000179 -727.821238 -0.088845 
0.195312 0.090602 -0.000182 -742.210652 -0.090602 
0.199219 0.092355 -0.000186 -756.572122 -0.092355 
0.203125 0.094105 -0.000189 -770.905108 -0.094105 
0.207031 0.095851 -0.000193 -785.209070 -0.095851 
0.210938 0.097593 -0.000196 -799.483469 -0.097593 
0.214844 0.099332 -0.000200 -813.727768 -0.099332 
0.218750 0.101067 -0.000203 -827.941431 -0.101067 
0.222656 0.102798 -0.000207 -842.123922 -0.102798 
0.226562 0.104526 -0.000210 -856.274707 -0.104526 
0.230469 0.106249 -0.000214 -870.393254 -0.106249 
0.234375 0.107969 -0.000217 -884.479032 -0.107969 
0.238281 0.109684 -0.000221 -898.531509 -0.109684 
0.242188 0.111395 -0.000224 -912.550157 -0.111395 
0.246094 0.113102 -0.000228 -926.534449 -0.113102 
0.250000 0.114805 -0.000231 -940.483856 -0.114805 
0.253906 0.116504 -0.000234 -954.397855 -0.116504 
0.257812 0.118198 -0.000238 -968.275922 -0.118198 
0.261719 0.119887 -0.000241 -982.117533 -0.119887 
0.265625 0.121572 -0.000245 -995.922168 -0.121572 
0.269531 0.123253 -0.000248 -1009.689307 -0.123253 
0.273438 0.124929 -0.000251 -1023.418432 -0.124929 
0.277344 0.126600 -0.000255 -1037.109026 -0.126600 
0.281250 0.128267 -0.000258 -1050.760574 -0.128267 
0.285156 0.129928 -0.000261 -1064.372561 -0.129928 
0.289062 0.131585 -0.000265 -1077.944474 -0.131585 
0.292969 0.133237 -0.000268 -1091.475804 -0.133237 
0.296875 0.134883 -0.000271 -1104.966040 -0.134883 
0.300781 0.136525 -0.000275 -1118.414675 -0.136525 
0.304688 0.138162 -0.000278 -1131.821203 -0.138162 
0.308594 0.139793 -0.000281 -1145.185118 -0.139793 
0.312500 0.141419 -0.000284 -1158.505917 -0.141419 
0.316406 0.143040 -0.000288 -1171.783099 -0.143040 
0.320312 0.144655 -0.000291 -1185.016165 -0.144655 
0.324219 0.146265 -0.000294 -1198.204615 -0.146265 
0.328125 0.147869 -0.000297 -1211.347953 -0.147869 
0.332031 0.149468 -0.000301 -1224.445685 -0.149468 
0.335938 0.151062 -0.000304 -1237.497317 -0.151062 
0.339844 0.152649 -0.000307 -1250.502358 -0.152649 
0.343750 0.154231 -0.000310 -1263.460318 -0.154231 
0.347656 0.155807 -0.000313 -1276.370710 -0.155807 
0.351562 0.157377 -0.000317 -1289.233047 -0.157377 
0.355469 0.158941 -0.000320 -1302.046845 -0.158941 
0.359375 0.160499 -0.000323 -1314.811622 -0.160499 
0.363281 0.162051 -0.000326 -1327.526897 -0.162051 
0.367188 0.163597 -0.000329 -1340.192191 -0.163597 
0.371094 0.165137 -0.000332 -1352.807028 -0.165137 
0.375000 0.166671 -0.000335 -1365.370933 -0.166671 
0.378906 0.168198 -0.000338 -1377.883432 -0.168198 
0.382812 0.169720 -0.000341 -1390.344054 -0.169720 
0.386719 0.171234 -0.000344 -1402.752331 -0.171234 
0.390625 0.172742 -0.000348 -1415.107795 -0.172742 
0.394531 0.174244 -0.000351 -1427.409981 -0.174244 
0.398438 0.175739 -0.000354 -1439.658425 -0.175739 
0.402344 0.177228 -0.000357 -1451.852668 -0.177228 
0.406250 0.178710 -0.000360 -1463.992249 -0.178710 
0.410156 0.180185 -0.000362 -1476.076711 -0.180185 
0.414062 0.181653 -0.000365 -1488.105601 -0.181653 
0.417969 0.183115 -0.000368 -1500.078463 -0.183115 
0.421875 0.184569 -0.000371 -1511.994849 -0.184569 
0.425781 0.186017 -0.000374 -1523.854309 -0.186017 
0.429688 0.187458 -0.000377 -1535.656396 -0.187458 
0.433594 0.188891 -0.000380 -1547.400667 -0.188891 
0.437500 0.190318 -0.000383 -1559.086680 -0.190318 
0.441406 0.191737 -0.000386 -1570.713993 -0.191737 
0.445312 0.193149 -0.000389 -1582.282170 -0.193149 
0.449219 0.194554 -0.000391 -1593.790775 -0.194554 
0.453125 0.195952 -0.000394 -1605.239375 -0.195952 
0.457031 0.197342 -0.000397 -1616.627538 -0.197342 
0.460938 0.198725 -0.000400 -1627.954837 -0.198725 
0.464844 0.200100 -0.000403 -1639.220843 -0.200100 
0.468750 0.201468 -0.000405 -1650.425134 -0.201468 
0.472656 0.202828 -0.000408 -1661.567287 -0.202828 
0.476562 0.204180 -0.000411 -1672.646884 -0.204180 
0.480469 0.205525 -0.000413 -1683.663506 -0.205525 
0.484375 0.206862 -0.000416 -1694.616739 -0.206862 
0.488281 0.208191 -0.000419 -1705.506171 -0.208191 
0.492188 0.209513 -0.000421 -1716.331391 -0.209513 
0.496094 0.210826 -0.000424 -1727.091992 -0.210826 
0.500000 0.212132 -0.000427 -1737.787570 -0.212132 
0.503906 0.213430 -0.000429 -1748.417721 -0.213430 
0.507812 0.214719 -0.000432 -1758.982044 -0.214719 
0.511719 0.216001 -0.000435 -1769.480143 -0.216001 
0.515625 0.217274 -0.000437 -1779.911623 -0.217274 
0.519531 0.218539 -0.000440 -1790.276089 -0.218539 
0.523438 0.219796 -0.000442 -1800.573153 -0.219796 
0.527344 0.221045 -0.000445 -1810.802426 -0.221045 
0.531250 0.222285 -0.000447 -1820.963523 -0.222285 
0.535156 0.223517 -0.000450 -1831.056062 -0.223517 
0.539062 0.224741 -0.000452 -1841.079663 -0.224741 
0.542969 0.225956 -0.000455 -1851.033948 -0.225956 
0.546875 0.227163 -0.000457 -1860.918543 -0.227163 
0.550781 0.228361 -0.000459 -1870.733076 -0.228361 
0.554688 0.229550 -0.000462 -1880.477176 -0.229550 
0.558594 0.230731 -0.000464 -1890.150477 -0.230731 
0.562500 0.231903 -0.000467 -1899.752616 -0.231903 
0.566406 0.233067 -0.000469 -1909.283229 -0.233067 
0.570312 0.234221 -0.000471 -1918.741960 -0.234221 
0.574219 0.235367 -0.000474 -1928.128450 -0.235367 
0.578125 0.236504 -0.000476 -1937.442348 -0.236504 
0.582031 0.237632 -0.000478 -1946.683302 -0.237632 
0.585938 0.238751 -0.000480 -1955.850965 -0.238751 
0.589844 0.239861 -0.000483 -1964.944991 -0.239861 
0.593750 0.240962 -0.000485 -1973.965038 -0.240962 
0.597656 0.242054 -0.000487 -1982.910766 -0.242054 
0.601562 0.243137 -0.000489 -1991.781839 -0.243137 
0.605469 0.244211 -0.000491 -2000.577922 -0.244211 
0.609375 0.245275 -0.000493 -2009.298685 -0.245275 
0.613281 0.246331 -0.000496 -2017.943798 -0.246331 
0.617188 0.247377 -0.000498 -2026.512938 -0.247377 
0.621094 0.248414 -0.000500 -2035.005780 -0.248414 
0.625000 0.249441 -0.000502 -2043.422005 -0.249441 
0.628906 0.250459 -0.000504 -2051.761297 -0.250459 
0.632812 0.251467 -0.000506 -2060.023341 -0.251467 
0.636719 0.252466 -0.000508 -2068.207826 -0.252466 
0.640625 0.253456 -0.000510 -2076.314445 -0.253456 
0.644531 0.254436 -0.000512 -2084.342891 -0.254436 
0.648438 0.255407 -0.000514 -2092.292863 -0.255407 
0.652344 0.256367 -0.000516 -2100.164062 -0.256367 
0.656250 0.257319 -0.000518 -2107.956190 -0.257319 
0.660156 0.258260 -0.000520 -2115.668955 -0.258260 
0.664062 0.259192 -0.000521 -2123.302067 -0.259192 
0.667969 0.260114 -0.000523 -2130.855237 -0.260114 
0.671875 0.261026 -0.000525 -2138.328182 -0.261026 
0.675781 0.261928 -0.000527 -2145.720619 -0.261928 
0.679688 0.262821 -0.000529 -2153.032272 -0.262821 
0.683594 0.263704 -0.000531 -2160.262864 -0.263704 
0.687500 0.264576 -0.000532 -2167.412124 -0.264576 
0.691406 0.265439 -0.000534 -2174.479782 -0.265439 
0.695312 0.266292 -0.000536 -2181.465572 -0.266292 
0.699219 0.267135 -0.000537 -2188.369230 -0.267135 
0.703125 0.267967 -0.000539 -2195.190498 -0.267967 
0.707031 0.268790 -0.000541 -2201.929119 -0.268790 
0.710938 0.269602 -0.000542 -2208.584838 -0.269602 
0.714844 0.270405 -0.000544 -2215.157405 -0.270405 
0.718750 0.271197 -0.000546 -2221.646572 -0.271197 
0.722656 0.271979 -0.000547 -2228.052096 -0.271979 
0.726562 0.272750 -0.000549 -2234.373735 -0.272750 
0.730469 0.273512 -0.000550 -2240.611251 -0.273512 
0.734375 0.274263 -0.000552 -2246.764409 -0.274263 
0.738281 0.275004 -0.000553 -2252.832978 -0.275004 
0.742188 0.275734 -0.000555 -2258.816729 -0.275734 
0.746094 0.276454 -0.000556 -2264.715437 -0.276454 
0.750000 0.277164 -0.000558 -2270.528879 -0.277164 
0.753906 0.277863 -0.000559 -2276.256838 -0.277863 
0.757812 0.278552 -0.000560 -2281.899096 -0.278552 
0.761719 0.279230 -0.000562 -2287.455442 -0.279230 
0.765625 0.279898 -0.000563 -2292.925667 -0.279898 
0.769531 0.280555 -0.000564 -2298.309565 -0.280555 
0.773438 0.281202 -0.000566 -2303.606933 -0.281202 
0.777344 0.281838 -0.000567 -2308.817571 -0.281838 
0.781250 0.282463 -0.000568 -2313.941283 -0.282463 
0.785156 0.283078 -0.000569 -2318.977877 -0.283078 
0.789062 0.283682 -0.000571 -2323.927163 -0.283682 
0.792969 0.284276 -0.000572 -2328.788954 -0.284276 
0.796875 0.284858 -0.000573 -2333.563067 -0.284858 
0.800781 0.285431 -0.000574 -2338.249323 -0.285431 
0.804688 0.285992 -0.000575 -2342.847546 -0.285992 
0.808594 0.286542 -0.000576 -2347.357561 -0.286542 
0.812500 0.287082 -0.000578 -2351.779200 -0.287082 
0.816406 0.287611 -0.000579 -2356.112296 -0.287611 
0.820312 0.288129 -0.000580 -2360.356685 -0.288129 
0.824219 0.288636 -0.000581 -2364.512208 -0.288636 
0.828125 0.289133 -0.000582 -2368.578709 -0.289133 
0.832031 0.289618 -0.000583 -2372.556034 -0.289618 
0.835938 0.290093 -0.000584 -2376.444034 -0.290093 
0.839844 0.290557 -0.000585 -2380.242562 -0.290557 
0.843750 0.291009 -0.000585 -2383.951475 -0.291009 
0.847656 0.291451 -0.000586 -2387.570633 -0.291451 
0.851562 0.291882 -0.000587 -2391.099901 -0.291882 
0.855469 0.292302 -0.000588 -2394.539146 -0.292302 
0.859375 0.292711 -0.000589 -2397.888237 -0.292711 
0.863281 0.293108 -0.000590 -2401.147049 -0.293108 
0.867188 0.293495 -0.000590 -2404.315460 -0.293495 
0.871094 0.293871 -0.000591 -2407.393349 -0.293871 
0.875000 0.294236 -0.000592 -2410.380601 -0.294236 
0.878906 0.294589 -0.000593 -2413.277104 -0.294589 
0.882812 0.294932 -0.000593 -2416.082749 -0.294932 
0.886719 0.295263 -0.000594 -2418.797429 -0.295263 
0.890625 0.295583 -0.000595 -2421.421043 -0.295583 
0.894531 0.295892 -0.000595 -2423.953491 -0.295892 
0.898438 0.296190 -0.000596 -2426.394679 -0.296190 
0.902344 0.296477 -0.000596 -2428.744515 -0.296477 
0.906250 0.296753 -0.000597 -2431.002910 -0.296753 
0.910156 0.297017 -0.000598 -2433.169779 -0.297017 
0.914062 0.297271 -0.000598 -2435.245041 -0.297271 
0.917969 0.297513 -0.000599 -2437.228617 -0.297513 
0.921875 0.297744 -0.000599 -2439.120433 -0.297744 
0.925781 0.297964 -0.000599 -2440.920417 -0.297964 
0.929688 0.298172 -0.000600 -2442.628502 -0.298172 
0.933594 0.298369 -0.000600 -2444.244623 -0.298369 
0.937500 0.298555 -0.000601 -2445.768720 -0.298555 
0.941406 0.298730 -0.000601 -2447.200735 -0.298730 
0.945312 0.298894 -0.000601 -2448.540615 -0.298894 
0.949219 0.299046 -0.000602 -2449.788308 -0.299046 
0.953125 0.299187 -0.000602 -2450.943768 -0.299187 
0.957031 0.299317 -0.000602 -2452.006951 -0.299317 
0.960938 0.299435 -0.000602 -2452.977818 -0.299435 
0.964844 0.299543 -0.000603 -2453.856332 -0.299543 
0.968750 0.299639 -0.000603 -2454.642459 -0.299639 
0.972656 0.299723 -0.000603 -2455.336170 -0.299723 
0.976562 0.299797 -0.000603 -2455.937440 -0.299797 
0.980469 0.299859 -0.000603 -2456.446244 -0.299859 
0.984375 0.299910 -0.000603 -2456.862565 -0.299910 
0.988281 0.299949 -0.000603 -2457.186386 -0.299949 
0.992188 0.299977 -0.000603 -2457.417696 -0.299977 
0.996094 0.299994 -0.000604 -2457.556485 -0.299994 
1.000000 0.300000 -0.000604 -2457.602749 -0.300000 
1.003906 0.299994 -0.000604 -2457.556485 -0.299994 
1.007812 0.299977 -0.000603 -2457.417696 -0.299977 
1.011719 0.299949 -0.000603 -2457.186386 -0.299949 
1.015625 0.299910 -0.000603 -2456.862565 -0.299910 
1.019531 0.299859 -0.000603 -2456.446244 -0.299859 
1.023438 0.299797 -0.000603 -2455.937439 -0.299797 
1.027344 0.299723 -0.000603 -2455.336170 -0.299723 
1.031250 0.299639 -0.000603 -2454.642459 -0.299639 
1.035156 0.299543 -0.000603 -2453.856332 -0.299543 
1.039062 0.299435 -0.000602 -2452.977818 -0.299435 
1.042969 0.299317 -0.000602 -2452.006951 -0.299317 
1.046875 0.299187 -0.000602 -2450.943768 -0.299187 
1.050781 0.299046 -0.000602 -2449.788308 -0.299046 
1.054688 0.298894 -0.000601 -2448.540614 -0.298894 
1.058594 0.298730 -0.000601 -2447.200735 -0.298730 
1.062500 0.298555 -0.000601 -2445.768720 -0.298555 
1.066406 0.298369 -0.000600 -2444.244623 -0.298369 
1.070312 0.298172 -0.000600 -2442.628502 -0.298172 
1.074219 0.297964 -0.000599 -2440.920417 -0.297964 
1.078125 0.297744 -0.000599 -2439.120432 -0.297744 
1.082031 0.297513 -0.000599 -2437.228617 -0.297513 
1.085938 0.297271 -0.000598 -2435.245041 -0.297271 
1.089844 0.297017 -0.000598 -2433.169779 -0.297017 
1.093750 0.296753 -0.000597 -2431.002910 -0.296753 
1.097656 0.296477 -0.000596 -2428.744515 -0.296477 
1.101562 0.296190 -0.000596 -2426.394679 -0.296190 
1.105469 0.295892 -0.000595 -2423.953491 -0.295892 
1.109375 0.295583 -0.000595 -2421.421042 -0.295583 
1.113281 0.295263 -0.000594 -2418.797428 -0.295263 
1.117188 0.294932 -0.000593 -2416.082748 -0.294932 
1.121094 0.294589 -0.000593 -2413.277104 -0.294589 
1.125000 0.294236 -0.000592 -2410.380601 -0.294236 
1.128906 0.293871 -0.000591 -2407.393349 -0.293871 
1.132812 0.293495 -0.000590 -2404.315459 -0.293495 
1.136719 0.293108 -0.000590 -2401.147049 -0.293108 
1.140625 0.292711 -0.000589 -2397.888237 -0.292711 
1.144531 0.292302 -0.000588 -2394.539145 -0.292302 
1.148438 0.291882 -0.000587 -2391.099901 -0.291882 
1.152344 0.291451 -0.000586 -2387.570633 -0.291451 
1.156250 0.291009 -0.000585 -2383.951474 -0.291009 
1.160156 0.290557 -0.000585 -2380.242561 -0.290557 
1.164062 0.290093 -0.000584 -2376.444033 -0.290093 
1.167969 0.289618 -0.000583 -2372.556034 -0.289618 
1.171875 0.289133 -0.000582 -2368.578708 -0.289133 
1.175781 0.288636 -0.000581 -2364.512208 -0.288636 
1.179688 0.288129 -0.000580 -2360.356684 -0.288129 
1.183594 0.287611 -0.000579 -2356.112295 -0.287611 
1.187500 0.287082 -0.000578 -2351.779199 -0.287082 
1.191406 0.286542 -0.000576 -2347.357561 -0.286542 
1.195312 0.285992 -0.000575 -2342.847545 -0.285992 
1.199219 0.285431 -0.000574 -2338.249323 -0.285431 
1.203125 0.284858 -0.000573 -2333.563067 -0.284858 
1.207031 0.284276 -0.000572 -2328.788953 -0.284276 
1.210938 0.283682 -0.000571 -2323.927162 -0.283682 
1.214844 0.283078 -0.000569 -2318.977876 -0.283078 
1.218750 0.282463 -0.000568 -2313.941283 -0.282463 
1.222656 0.281838 -0.000567 -2308.817570 -0.281838 
1.226562 0.281202 -0.000566 -2303.606932 -0.281202 
1.230469 0.280555 -0.000564 -2298.309565 -0.280555 
1.234375 0.279898 -0.000563 -2292.925667 -0.279898 
1.238281 0.279230 -0.000562 -2287.455442 -0.279230 
1.242188 0.278552 -0.000560 -2281.899095 -0.278552 
1.246094 0.277863 -0.000559 -2276.256837 -0.277863 
1.250000 0.277164 -0.000558 -2270.528878 -0.277164 
1.253906 0.276454 -0.000556 -2264.715436 -0.276454 
1.257812 0.275734 -0.000555 -2258.816728 -0.275734 
1.261719 0.275004 -0.000553 -2252.832977 -0.275004 
1.265625 0.274263 -0.000552 -2246.764408 -0.274263 
1.269531 0.273512 -0.000550 -2240.611250 -0.273512 
1.273438 0.272750 -0.000549 -2234.373734 -0.272750 
1.277344 0.271979 -0.000547 -2228.052095 -0.271979 
1.281250 0.271197 -0.000546 -2221.646571 -0.271197 
1.285156 0.270405 -0.000544 -2215.157404 -0.270405 
1.289062 0.269602 -0.000542 -2208.584837 -0.269602 
1.292969 0.268790 -0.000541 -2201.929118 -0.268790 
1.296875 0.267967 -0.000539 -2195.190498 -0.267967 
1.300781 0.267135 -0.000537 -2188.369230 -0.267135 
1.304688 0.266292 -0.000536 -2181.465571 -0.266292 
1.308594 0.265439 -0.000534 -2174.479781 -0.265439 
1.312500 0.264576 -0.000532 -2167.412123 -0.264576 
1.316406 0.263704 -0.000531 -2160.262864 -0.263704 
1.320312 0.262821 -0.000529 -2153.032271 -0.262821 
1.324219 0.261928 -0.000527 -2145.720619 -0.261928 
1.328125 0.261026 -0.000525 -2138.328181 -0.261026 
1.332031 0.260114 -0.000523 -2130.855236 -0.260114 
1.335938 0.259192 -0.000521 -2123.302066 -0.259192 
1.339844 0.258260 -0.000520 -2115.668954 -0.258260 
1.343750 0.257319 -0.000518 -2107.956189 -0.257319 
1.347656 0.256367 -0.000516 -2100.164061 -0.256367 
1.351562 0.255407 -0.000514 -2092.292862 -0.255407 
1.355469 0.254436 -0.000512 -2084.342890 -0.254436 
1.359375 0.253456 -0.000510 -2076.314444 -0.253456 
1.363281 0.252466 -0.000508 -2068.207825 -0.252466 
1.367188 0.251467 -0.000506 -2060.023340 -0.251467 
1.371094 0.250459 -0.000504 -2051.761296 -0.250459 
1.375000 0.249441 -0.000502 -2043.422004 -0.249441 
1.378906 0.248414 -0.000500 -2035.005779 -0.248414 
1.382812 0.247377 -0.000498 -2026.512937 -0.247377 
1.386719 0.246331 -0.000496 -2017.943798 -0.246331 
1.390625 0.245275 -0.000493 -2009.298684 -0.245275 
1.394531 0.244211 -0.000491 -2000.577921 -0.244211 
1.398438 0.243137 -0.000489 -1991.781838 -0.243137 
1.402344 0.242054 -0.000487 -1982.910765 -0.242054 
1.406250 0.240962 -0.000485 -1973.965037 -0.240962 
1.410156 0.239861 -0.000483 -1964.944990 -0.239861 
1.414062 0.238751 -0.000480 -1955.850964 -0.238751 
1.417969 0.237632 -0.000478 -1946.683301 -0.237632 
1.421875 0.236504 -0.000476 -1937.442347 -0.236504 
1.425781 0.235367 -0.000474 -1928.128449 -0.235367 
1.429688 0.234221 -0.000471 -1918.741959 -0.234221 
1.433594 0.233067 -0.000469 -1909.283228 -0.233067 
1.437500 0.231903 -0.000467 -1899.752615 -0.231903 
1.441406 0.230731 -0.000464 -1890.150476 -0.230731 
1.445312 0.229550 -0.000462 -1880.477175 -0.229550 
1.449219 0.228361 -0.000459 -1870.733075 -0.228361 
1.453125 0.227163 -0.000457 -1860.918542 -0.227163 
1.457031 0.225956 -0.000455 -1851.033947 -0.225956 
1.460938 0.224741 -0.000452 -1841.079662 -0.224741 
1.464844 0.223517 -0.000450 -1831.056061 -0.223517 
1.468750 0.222285 -0.000447 -1820.963522 -0.222285 
1.472656 0.221045 -0.000445 -1810.802425 -0.221045 
1.476562 0.219796 -0.000442 -1800.573151 -0.219796 
1.480469 0.218539 -0.000440 -1790.276088 -0.218539 
1.484375 0.217274 -0.000437 -1779.911621 -0.217274 
1.488281 0.216001 -0.000435 -1769.480142 -0.216001 
1.492188 0.214719 -0.000432 -1758.982043 -0.214719 
1.496094 0.213430 -0.000429 -1748.417719 -0.213430 
1.500000 0.212132 -0.000427 -1737.787569 -0.212132 
1.503906 0.210826 -0.000424 -1727.091991 -0.210826 
1.507812 0.209513 -0.000421 -1716.331390 -0.209513 
1.511719 0.208191 -0.000419 -1705.506169 -0.208191 
1.515625 0.206862 -0.000416 -1694.616738 -0.206862 
1.519531 0.205525 -0.000413 -1683.663505 -0.205525 
1.523438 0.204180 -0.000411 -1672.646882 -0.204180 
1.527344 0.202828 -0.000408 -1661.567286 -0.202828 
1.531250 0.201468 -0.000405 -1650.425133 -0.201468 
1.535156 0.200100 -0.000403 -1639.220842 -0.200100 
1.539062 0.198725 -0.000400 -1627.954835 -0.198725 
1.542969 0.197342 -0.000397 -1616.627537 -0.197342 
1.546875 0.195952 -0.000394 -1605.239374 -0.195952 
1.550781 0.194554 -0.000391 -1593.790774 -0.194554 
1.554688 0.193149 -0.000389 -1582.282169 -0.193149 
1.558594 0.191737 -0.000386 -1570.713992 -0.191737 
1.562500 0.190318 -0.000383 -1559.086678 -0.190318 
1.566406 0.188891 -0.000380 -1547.400666 -0.188891 
1.570312 0.187458 -0.000377 -1535.656395 -0.187458 
1.574219 0.186017 -0.000374 -1523.854307 -0.186017 
1.578125 0.184569 -0.000371 -1511.994848 -0.184569 
1.582031 0.183115 -0.000368 -1500.078462 -0.183115 
1.585938 0.181653 -0.000365 -1488.105599 -0.181653 
1.589844 0.180185 -0.000362 -1476.076710 -0.180185 
1.593750 0.178710 -0.000360 -1463.992248 -0.178710 
1.597656 0.177228 -0.000357 -1451.852667 -0.177228 
1.601562 0.175739 -0.000354 -1439.658424 -0.175739 
1.605469 0.174244 -0.000351 -1427.409979 -0.174244 
1.609375 0.172742 -0.000348 -1415.107793 -0.172742 
1.613281 0.171234 -0.000344 -1402.752329 -0.171234 
1.617188 0.169720 -0.000341 -1390.344053 -0.169720 
1.621094 0.168198 -0.000338 -1377.883430 -0.168198 
1.625000 0.166671 -0.000335 -1365.370931 -0.166671 
1.628906 0.165137 -0.000332 -1352.807027 -0.165137 
1.632812 0.163597 -0.000329 -1340.192190 -0.163597 
1.636719 0.162051 -0.000326 -1327.526896 -0.162051 
1.640625 0.160499 -0.000323 -1314.811621 -0.160499 
1.644531 0.158941 -0.000320 -1302.046844 -0.158941 
1.648438 0.157377 -0.000317 -1289.233045 -0.157377 
1.652344 0.155807 -0.000313 -1276.370708 -0.155807 
1.656250 0.154231 -0.000310 -1263.460317 -0.154231 
1.660156 0.152649 -0.000307 -1250.502356 -0.152649 
1.664062 0.151062 -0.000304 -1237.497315 -0.151062 
1.667969 0.149468 -0.000301 -1224.445683 -0.149468 
1.671875 0.147869 -0.000297 -1211.347951 -0.147869 
1.675781 0.146265 -0.000294 -1198.204613 -0.146265 
1.679688 0.144655 -0.000291 -1185.016163 -0.144655 
1.683594 0.143040 -0.000288 -1171.783098 -0.143040 
1.687500 0.141419 -0.000285 -1158.505915 -0.141419 
1.691406 0.139793 -0.000281 -1145.185116 -0.139793 
1.695312 0.138162 -0.000278 -1131.821201 -0.138162 
1.699219 0.136525 -0.000275 -1118.414674 -0.136525 
1.703125 0.134883 -0.000271 -1104.966039 -0.134883 
1.707031 0.133237 -0.000268 -1091.475803 -0.133237 
1.710938 0.131585 -0.000265 -1077.944473 -0.131585 
1.714844 0.129928 -0.000261 -1064.372559 -0.129928 
1.718750 0.128267 -0.000258 -1050.760572 -0.128267 
1.722656 0.126600 -0.000255 -1037.109025 -0.126600 
1.726562 0.124929 -0.000251 -1023.418431 -0.124929 
1.730469 0.123253 -0.000248 -1009.689306 -0.123253 
1.734375 0.121572 -0.000245 -995.922166 -0.121572 
1.738281 0.119887 -0.000241 -982.117531 -0.119887 
1.742188 0.118198 -0.000238 -968.275920 -0.118198 
1.746094 0.116504 -0.000234 -954.397853 -0.116504 
1.750000 0.114805 -0.000231 -940.483854 -0.114805 
1.753906 0.113102 -0.000228 -926.534447 -0.113102 
1.757812 0.111395 -0.000224 -912.550156 -0.111395 
1.761719 0.109684 -0.000221 -898.531508 -0.109684 
1.765625 0.107969 -0.000217 -884.479030 -0.107969 
1.769531 0.106249 -0.000214 -870.393253 -0.106249 
1.773438 0.104526 -0.000210 -856.274705 -0.104526 
1.777344 0.102798 -0.000207 -842.123920 -0.102798 
1.781250 0.101067 -0.000203 -827.941429 -0.101067 
1.785156 0.099332 -0.000200 -813.727766 -0.099332 
1.789062 0.097593 -0.000196 -799.483467 -0.097593 
1.792969 0.095851 -0.000193 -785.209068 -0.095851 
1.796875 0.094105 -0.000189 -770.905107 -0.094105 
1.800781 0.092355 -0.000186 -756.572121 -0.092355 
1.804688 0.090602 -0.000182 -742.210650 -0.090602 
1.808594 0.088845 -0.000179 -727.821236 -0.088845 
1.812500 0.087085 -0.000175 -713.404420 -0.087085 
1.816406 0.085322 -0.000172 -698.960744 -0.085322 
1.820312 0.083556 -0.000168 -684.490753 -0.083556 
1.824219 0.081786 -0.000165 -669.994992 -0.081786 
1.828125 0.080014 -0.000161 -655.474005 -0.080014 
1.832031 0.078238 -0.000157 -640.928340 -0.078238 
1.835938 0.076460 -0.000154 -626.358545 -0.076460 
1.839844 0.074678 -0.000150 -611.765167 -0.074678 
1.843750 0.072894 -0.000147 -597.148757 -0.072894 
1.847656 0.071107 -0.000143 -582.509865 -0.071107 
1.851562 0.069317 -0.000139 -567.849041 -0.069317 
1.855469 0.067525 -0.000136 -553.166838 -0.067525 
1.859375 0.065730 -0.000132 -538.463809 -0.065730 
1.863281 0.063933 -0.000129 -523.740507 -0.063933 
1.867188 0.062133 -0.000125 -508.997487 -0.062133 
1.871094 0.060331 -0.000121 -494.235302 -0.060331 
1.875000 0.058527 -0.000118 -479.454511 -0.058527 
1.878906 0.056721 -0.000114 -464.655668 -0.056721 
1.882812 0.054912 -0.000110 -449.839331 -0.054912 
1.886719 0.053101 -0.000107 -435.006058 -0.053101 
1.890625 0.051289 -0.000103 -420.156407 -0.051289 
1.894531 0.049474 -0.000100 -405.290937 -0.049474 
1.898438 0.047657 -0.000096 -390.410209 -0.047657 
1.902344 0.045839 -0.000092 -375.514782 -0.045839 
1.906250 0.044019 -0.000089 -360.605216 -0.044019 
1.910156 0.042197 -0.000085 -345.682075 -0.042197 
1.914062 0.040374 -0.000081 -330.745918 -0.040374 
1.917969 0.038549 -0.000078 -315.797309 -0.038549 
1.921875 0.036723 -0.000074 -300.836811 -0.036723 
1.925781 0.034896 -0.000070 -285.864986 -0.034896 
1.929688 0.033067 -0.000067 -270.882399 -0.033067 
1.933594 0.031236 -0.000063 -255.889613 -0.031236 
1.937500 0.029405 -0.000059 -240.887193 -0.029405 
1.941406 0.027573 -0.000055 -225.875703 -0.027573 
1.945312 0.025739 -0.000052 -210.855710 -0.025739 
1.949219 0.023905 -0.000048 -195.827778 -0.023905 
1.953125 0.022069 -0.000044 -180.792473 -0.022069 
1.957031 0.020233 -0.000041 -165.750361 -0.020233 
1.960938 0.018396 -0.000037 -150.702009 -0.018396 
1.964844 0.016559 -0.000033 -135.647983 -0.016559 
1.968750 0.014720 -0.000030 -120.588850 -0.014720 
1.972656 0.012881 -0.000026 -105.525177 -0.012881 
1.976562 0.011042 -0.000022 -90.457531 -0.011042 
1.980469 0.009202 -0.000019 -75.386480 -0.009202 
1.984375 0.007362 -0.000015 -60.312590 -0.007362 
1.988281 0.005522 -0.000011 -45.236429 -0.005522 
1.992188 0.003681 -0.000007 -30.158565 -0.003681 
1.996094 0.001841 -0.000004 -15.079566 -0.001841 
2.000000 -0.000000 0.000000 0.000001 0.000000 
2.003906 -0.001841 0.000004 15.079568 0.001841 
2.007812 -0.003681 0.000007 30.158567 0.003681 
2.011719 -0.005522 0.000011 45.236431 0.005522 
2.015625 -0.007362 0.000015 60.312592 0.007362 
2.019531 -0.009202 0.000019 75.386482 0.009202 
2.023438 -0.011042 0.000022 90.457533 0.011042 
2.027344 -0.012881 0.000026 105.525179 0.012881 
2.031250 -0.014720 0.000030 120.588852 0.014720 
2.035156 -0.016559 0.000033 135.647985 0.016559 
2.039062 -0.018396 0.000037 150.702011 0.018396 
2.042969 -0.020233 0.000041 165.750363 0.020233 
2.046875 -0.022069 0.000044 180.792475 0.022069 
2.050781 -0.023905 0.000048 195.827780 0.023905 
2.054688 -0.025739 0.000052 210.855712 0.025739 
2.058594 -0.027573 0.000055 225.875705 0.027573 
2.062500 -0.029405 0.000059 240.887195 0.029405 
2.066406 -0.031236 0.000063 255.889615 0.031236 
2.070312 -0.033067 0.000067 270.882401 0.033067 
2.074219 -0.034896 0.000070 285.864988 0.034896 
2.078125 -0.036723 0.000074 300.836813 0.036723 
2.082031 -0.038549 0.000078 315.797311 0.038549 
2.085938 -0.040374 0.000081 330.745920 0.040374 
2.089844 -0.042197 0.000085 345.682077 0.042197 
2.093750 -0.044019 0.000089 360.605218 0.044019 
2.097656 -0.045839 0.000092 375.514784 0.045839 
2.101562 -0.047657 0.000096 390.410211 0.047657 
2.105469 -0.049474 0.000100 405.290939 0.049474 
2.109375 -0.051289 0.000103 420.156409 0.051289 
2.113281 -0.053101 0.000107 435.006060 0.053101 
2.117188 -0.054912 0.000110 449.839333 0.054912 
2.121094 -0.056721 0.000114 464.655670 0.056721 
2.125000 -0.058527 0.000118 479.454513 0.058527 
2.128906 -0.060331 0.000121 494.235304 0.060331 
2.132812 -0.062133 0.000125 508.997488 0.062133 
2.136719 -0.063933 0.000129 523.740509 0.063933 
2.140625 -0.065730 0.000132 538.463811 0.065730 
2.144531 -0.067525 0.000136 553.166840 0.067525 
2.148438 -0.069317 0.000139 567.849043 0.069317 
2.152344 -0.071107 0.000143 582.509867 0.071107 
2.156250 -0.072894 0.000147 597.148759 0.072894 
2.160156 -0.074678 0.000150 611.765169 0.074678 
2.164062 -0.076460 0.000154 626.358547 0.076460 
2.167969 -0.078238 0.000157 640.928342 0.078238 
2.171875 -0.080014 0.000161 655.474007 0.080014 
2.175781 -0.081786 0.000165 669.994994 0.081786 
2.179688 -0.083556 0.000168 684.490755 0.083556 
2.183594 -0.085322 0.000172 698.960746 0.085322 
2.187500 -0.087085 0.000175 713.404422 0.087085 
2.191406 -0.088845 0.000179 727.821238 0.088845 
2.195312 -0.090602 0.000182 742.210652 0.090602 
2.199219 -0.092355 0.000186 756.572123 0.092355 
2.203125 -0.094105 0.000189 770.905109 0.094105 
2.207031 -0.095851 0.000193 785.209070 0.095851 
2.210938 -0.097593 0.000196 799.483469 0.097593 
2.214844 -0.099332 0.000200 813.727768 0.099332 
2.218750 -0.101067 0.000203 827.941431 0.101067 
2.222656 -0.102798 0.000207 842.123922 0.102798 
2.226562 -0.104526 0.000210 856.274707 0.104526 
2.230469 -0.106249 0.000214 870.393255 0.106249 
2.234375 -0.107969 0.000217 884.479032 0.107969 
2.238281 -0.109684 0.000221 898.531509 0.109684 
2.242188 -0.111395 0.000224 912.550158 0.111395 
2.246094 -0.113102 0.000228 926.534449 0.113102 
2.250000 -0.114805 0.000231 940.483856 0.114805 
2.253906 -0.116504 0.000234 954.397855 0.116504 
2.257812 -0.118198 0.000238 968.275922 0.118198 
2.261719 -0.119887 0.000241 982.117533 0.119887 
2.265625 -0.121572 0.000245 995.922168 0.121572 
2.269531 -0.123253 0.000248 1009.689308 0.123253 
2.273438 -0.124929 0.000251 1023.418433 0.124929 
2.277344 -0.126600 0.000255 1037.109027 0.126600 
2.281250 -0.128267 0.000258 1050.760574 0.128267 
2.285156 -0.129928 0.000261 1064.372561 0.129928 
2.289062 -0.131585 0.000265 1077.944475 0.131585 
2.292969 -0.133237 0.000268 1091.475804 0.133237 
2.296875 -0.134883 0.000271 1104.966041 0.134883 
2.300781 -0.136525 0.000275 1118.414676 0.136525 
2.304688 -0.138162 0.000278 1131.821203 0.138162 
2.308594 -0.139793 0.000281 1145.185118 0.139793 
2.312500 -0.141419 0.000285 1158.505917 0.141419 
2.316406 -0.143040 0.000288 1171.783099 0.143040 
2.320312 -0.144655 0.000291 1185.016165 0.144655 
2.324219 -0.146265 0.000294 1198.204615 0.146265 
2.328125 -0.147869 0.000298 1211.347953 0.147869 
2.332031 -0.149468 0.000301 1224.445685 0.149468 
2.335938 -0.151062 0.000304 1237.497317 0.151062 
2.339844 -0.152649 0.000307 1250.502358 0.152649 
2.343750 -0.154231 0.000310 1263.460318 0.154231 
2.347656 -0.155807 0.000313 1276.370710 0.155807 
2.351562 -0.157377 0.000317 1289.233047 0.157377 
2.355469 -0.158941 0.000320 1302.046845 0.158941 
2.359375 -0.160499 0.000323 1314.811622 0.160499 
2.363281 -0.162051 0.000326 1327.526897 0.162051 
2.367188 -0.163597 0.000329 1340.192192 0.163597 
2.371094 -0.165137 0.000332 1352.807028 0.165137 
2.375000 -0.166671 0.000335 1365.370933 0.166671 
2.378906 -0.168198 0.000338 1377.883432 0.168198 
2.382812 -0.169720 0.000341 1390.344054 0.169720 
2.386719 -0.171234 0.000345 1402.752331 0.171234 
2.390625 -0.172742 0.000348 1415.107795 0.172742 
2.394531 -0.174244 0.000351 1427.409981 0.174244 
2.398438 -0.175739 0.000354 1439.658426 0.175739 
2.402344 -0.177228 0.000357 1451.852668 0.177228 
2.406250 -0.178710 0.000360 1463.992249 0.178710 
2.410156 -0.180185 0.000363 1476.076712 0.180185 
2.414062 -0.181653 0.000365 1488.105601 0.181653 
2.417969 -0.183115 0.000368 1500.078463 0.183115 
2.421875 -0.184569 0.000371 1511.994849 0.184569 
2.425781 -0.186017 0.000374 1523.854309 0.186017 
2.429688 -0.187458 0.000377 1535.656397 0.187458 
2.433594 -0.188891 0.000380 1547.400668 0.188891 
2.437500 -0.190318 0.000383 1559.086680 0.190318 
2.441406 -0.191737 0.000386 1570.713993 0.191737 
2.445312 -0.193149 0.000389 1582.282171 0.193149 
2.449219 -0.194554 0.000391 1593.790776 0.194554 
2.453125 -0.195952 0.000394 1605.239375 0.195952 
2.457031 -0.197342 0.000397 1616.627539 0.197342 
2.460938 -0.198725 0.000400 1627.954837 0.198725 
2.464844 -0.200100 0.000403 1639.220843 0.200100 
2.468750 -0.201468 0.000405 1650.425134 0.201468 
2.472656 -0.202828 0.000408 1661.567288 0.202828 
2.476562 -0.204180 0.000411 1672.646884 0.204180 
2.480469 -0.205525 0.000414 1683.663506 0.205525 
2.484375 -0.206862 0.000416 1694.616739 0.206862 
2.488281 -0.208191 0.000419 1705.506171 0.208191 
2.492188 -0.209513 0.000422 1716.331391 0.209513 
2.496094 -0.210826 0.000424 1727.091993 0.210826 
2.500000 -0.212132 0.000427 1737.787570 0.212132 
2.503906 -0.213430 0.000429 1748.417721 0.213430 
2.507812 -0.214719 0.000432 1758.982045 0.214719 
2.511719 -0.216001 0.000435 1769.480144 0.216001 
2.515625 -0.217274 0.000437 1779.911623 0.217274 
2.519531 -0.218539 0.000440 1790.276089 0.218539 
2.523438 -0.219796 0.000442 1800.573153 0.219796 
2.527344 -0.221045 0.000445 1810.802426 0.221045 
2.531250 -0.222285 0.000447 1820.963523 0.222285 
2.535156 -0.223517 0.000450 1831.056062 0.223517 
2.539062 -0.224741 0.000452 1841.079663 0.224741 
2.542969 -0.225956 0.000455 1851.033949 0.225956 
2.546875 -0.227163 0.000457 1860.918543 0.227163 
2.550781 -0.228361 0.000459 1870.733076 0.228361 
2.554688 -0.229550 0.000462 1880.477176 0.229550 
2.558594 -0.230731 0.000464 1890.150478 0.230731 
2.562500 -0.231903 0.000467 1899.752616 0.231903 
2.566406 -0.233067 0.000469 1909.283230 0.233067 
2.570312 -0.234221 0.000471 1918.741960 0.234221 
2.574219 -0.235367 0.000474 1928.128451 0.235367 
2.578125 -0.236504 0.000476 1937.442348 0.236504 
2.582031 -0.237632 0.000478 1946.683303 0.237632 
2.585938 -0.238751 0.000480 1955.850965 0.238751 
2.589844 -0.239861 0.000483 1964.944991 0.239861 
2.593750 -0.240962 0.000485 1973.965038 0.240962 
2.597656 -0.242054 0.000487 1982.910766 0.242054 
2.601562 -0.243137 0.000489 1991.781839 0.243137 
2.605469 -0.244211 0.000491 2000.577922 0.244211 
2.609375 -0.245275 0.000493 2009.298685 0.245275 
2.613281 -0.246331 0.000496 2017.943799 0.246331 
2.617188 -0.247377 0.000498 2026.512938 0.247377 
2.621094 -0.248414 0.000500 2035.005780 0.248414 
2.625000 -0.249441 0.000502 2043.422006 0.249441 
2.628906 -0.250459 0.000504 2051.761297 0.250459 
2.632812 -0.251467 0.000506 2060.023341 0.251467 
2.636719 -0.252466 0.000508 2068.207827 0.252466 
2.640625 -0.253456 0.000510 2076.314445 0.253456 
2.644531 -0.254436 0.000512 2084.342891 0.254436 
2.648438 -0.255407 0.000514 2092.292864 0.255407 
2.652344 -0.256367 0.000516 2100.164062 0.256367 
2.656250 -0.257319 0.000518 2107.956190 0.257319 
2.660156 -0.258260 0.000520 2115.668955 0.258260 
2.664062 -0.259192 0.000521 2123.302067 0.259192 
2.667969 -0.260114 0.000523 2130.855237 0.260114 
2.671875 -0.261026 0.000525 2138.328182 0.261026 
2.675781 -0.261928 0.000527 2145.720620 0.261928 
2.679688 -0.262821 0.000529 2153.032272 0.262821 
2.683594 -0.263704 0.000531 2160.262865 0.263704 
2.687500 -0.264576 0.000532 2167.412124 0.264576 
2.691406 -0.265439 0.000534 2174.479782 0.265439 
2.695312 -0.266292 0.000536 2181.465572 0.266292 
2.699219 -0.267135 0.000537 2188.369231 0.267135 
2.703125 -0.267967 0.000539 2195.190499 0.267967 
2.707031 -0.268790 0.000541 2201.929119 0.268790 
2.710938 -0.269602 0.000542 2208.584838 0.269602 
2.714844 -0.270405 0.000544 2215.157405 0.270405 
2.718750 -0.271197 0.000546 2221.646572 0.271197 
2.722656 -0.271979 0.000547 2228.052096 0.271979 
2.726562 -0.272750 0.000549 2234.373735 0.272750 
2.730469 -0.273512 0.000550 2240.611251 0.273512 
2.734375 -0.274263 0.000552 2246.764409 0.274263 
2.738281 -0.275004 0.000553 2252.832978 0.275004 
2.742188 -0.275734 0.000555 2258.816729 0.275734 
2.746094 -0.276454 0.000556 2264.715437 0.276454 
2.750000 -0.277164 0.000558 2270.528879 0.277164 
2.753906 -0.277863 0.000559 2276.256838 0.277863 
2.757812 -0.278552 0.000560 2281.899096 0.278552 
2.761719 -0.279230 0.000562 2287.455443 0.279230 
2.765625 -0.279898 0.000563 2292.925668 0.279898 
2.769531 -0.280555 0.000564 2298.309565 0.280555 
2.773438 -0.281202 0.000566 2303.606933 0.281202 
2.777344 -0.281838 0.000567 2308.817571 0.281838 
2.781250 -0.282463 0.000568 2313.941283 0.282463 
2.785156 -0.283078 0.000570 2318.977877 0.283078 
2.789062 -0.283682 0.000571 2323.927163 0.283682 
2.792969 -0.284276 0.000572 2328.788954 0.284276 
2.796875 -0.284858 0.000573 2333.563067 0.284858 
2.800781 -0.285431 0.000574 2338.249323 0.285431 
2.804688 -0.285992 0.000575 2342.847546 0.285992 
2.808594 -0.286542 0.000576 2347.357561 0.286542 
2.812500 -0.287082 0.000578 2351.779200 0.287082 
2.816406 -0.287611 0.000579 2356.112296 0.287611 
2.820312 -0.288129 0.000580 2360.356685 0.288129 
2.824219 -0.288636 0.000581 2364.512208 0.288636 
2.828125 -0.289133 0.000582 2368.578709 0.289133 
2.832031 -0.289618 0.000583 2372.556034 0.289618 
2.835938 -0.290093 0.000584 2376.444034 0.290093 
2.839844 -0.290557 0.000585 2380.242562 0.290557 
2.843750 -0.291009 0.000585 2383.951475 0.291009 
2.847656 -0.291451 0.000586 2387.570633 0.291451 
2.851562 -0.291882 0.000587 2391.099901 0.291882 
2.855469 -0.292302 0.000588 2394.539146 0.292302 
2.859375 -0.292711 0.000589 2397.888237 0.292711 
2.863281 -0.293108 0.000590 2401.147049 0.293108 
2.867188 -0.293495 0.000590 2404.315460 0.293495 
2.871094 -0.293871 0.000591 2407.393349 0.293871 
2.875000 -0.294236 0.000592 2410.380601 0.294236 
2.878906 -0.294589 0.000593 2413.277104 0.294589 
2.882812 -0.294932 0.000593 2416.082749 0.294932 
2.886719 -0.295263 0.000594 2418.797429 0.295263 
2.890625 -0.295583 0.000595 2421.421043 0.295583 
2.894531 -0.295892 0.000595 2423.953491 0.295892 
2.898438 -0.296190 0.000596 2426.394680 0.296190 
2.902344 -0.296477 0.000596 2428.744515 0.296477 
2.906250 -0.296753 0.000597 2431.002910 0.296753 
2.910156 -0.297017 0.000598 2433.169779 0.297017 
2.914062 -0.297271 0.000598 2435.245041 0.297271 
2.917969 -0.297513 0.000599 2437.228617 0.297513 
2.921875 -0.297744 0.000599 2439.120433 0.297744 
2.925781 -0.297964 0.000599 2440.920417 0.297964 
2.929688 -0.298172 0.000600 2442.628502 0.298172 
2.933594 -0.298369 0.000600 2444.244623 0.298369 
2.937500 -0.298555 0.000601 2445.768720 0.298555 
2.941406 -0.298730 0.000601 2447.200735 0.298730 
2.945312 -0.298894 0.000601 2448.540615 0.298894 
2.949219 -0.299046 0.000602 2449.788308 0.299046 
2.953125 -0.299187 0.000602 2450.943768 0.299187 
2.957031 -0.299317 0.000602 2452.006951 0.299317 
2.960938 -0.299435 0.000602 2452.977818 0.299435 
2.964844 -0.299543 0.000603 2453.856332 0.299543 
2.968750 -0.299639 0.000603 2454.642459 0.299639 
2.972656 -0.299723 0.000603 2455.336170 0.299723 
2.976562 -0.299797 0.000603 2455.937440 0.299797 
2.980469 -0.299859 0.000603 2456.446244 0.299859 
2.984375 -0.299910 0.000603 2456.862565 0.299910 
2.988281 -0.299949 0.000603 2457.186386 0.299949 
2.992188 -0.299977 0.000604 2457.417696 0.299977 
2.996094 -0.299994 0.000604 2457.556485 0.299994 
3.000000 -0.300000 0.000604 2457.602749 0.300000 
3.003906 -0.299994 0.000604 2457.556485 0.299994 
3.007812 -0.299977 0.000604 2457.417696 0.299977 
3.011719 -0.299949 0.000603 2457.186386 0.299949 
3.015625 -0.299910 0.000603 2456.862565 0.299910 
3.019531 -0.299859 0.000603 2456.446244 0.299859 
3.023438 -0.299797 0.000603 2455.937439 0.299797 
3.027344 -0.299723 0.000603 2455.336170 0.299723 
3.031250 -0.299639 0.000603 2454.642459 0.299639 
3.035156 -0.299543 0.000603 2453.856332 0.299543 
3.039062 -0.299435 0.000602 2452.977818 0.299435 
3.042969 -0.299317 0.000602 2452.006951 0.299317 
3.046875 -0.299187 0.000602 2450.943768 0.299187 
3.050781 -0.299046 0.000602 2449.788308 0.299046 
3.054688 -0.298894 0.000601 2448.540614 0.298894 
3.058594 -0.298730 0.000601 2447.200735 0.298730 
3.062500 -0.298555 0.000601 2445.768720 0.298555 
3.066406 -0.298369 0.000600 2444.244623 0.298369 
3.070312 -0.298172 0.000600 2442.628502 0.298172 
3.074219 -0.297964 0.000599 2440.920417 0.297964 
3.078125 -0.297744 0.000599 2439.120432 0.297744 
3.082031 -0.297513 0.000599 2437.228617 0.297513 
3.085938 -0.297271 0.000598 2435.245041 0.297271 
3.089844 -0.297017 0.000598 2433.169779 0.297017 
3.093750 -0.296753 0.000597 2431.002910 0.296753 
3.097656 -0.296477 0.000596 2428.744515 0.296477 
3.101562 -0.296190 0.000596 2426.394679 0.296190 
3.105469 -0.295892 0.000595 2423.953491 0.295892 
3.109375 -0.295583 0.000595 2421.421042 0.295583 
3.113281 -0.295263 0.000594 2418.797428 0.295263 
3.117188 -0.294932 0.000593 2416.082748 0.294932 
3.121094 -0.294589 0.000593 2413.277104 0.294589 
3.125000 -0.294236 0.000592 2410.380601 0.294236 
3.128906 -0.293871 0.000591 2407.393349 0.293871 
3.132812 -0.293495 0.000590 2404.315459 0.293495 
3.136719 -0.293108 0.000590 2401.147049 0.293108 
3.140625 -0.292711 0.000589 2397.888237 0.292711 
3.144531 -0.292302 0.000588 2394.539145 0.292302 
3.148438 -0.291882 0.000587 2391.099901 0.291882 
3.152344 -0.291451 0.000586 2387.570633 0.291451 
3.156250 -0.291009 0.000585 2383.951474 0.291009 
3.160156 -0.290557 0.000585 2380.242561 0.290557 
3.164062 -0.290093 0.000584 2376.444033 0.290093 
3.167969 -0.289618 0.000583 2372.556033 0.289618 
3.171875 -0.289133 0.000582 2368.578708 0.289133 
3.175781 -0.288636 0.000581 2364.512208 0.288636 
3.179688 -0.288129 0.000580 2360.356684 0.288129 
3.183594 -0.287611 0.000579 2356.112295 0.287611 
3.187500 -0.287082 0.000578 2351.779199 0.287082 
3.191406 -0.286542 0.000577 2347.357561 0.286542 
3.195312 -0.285992 0.000575 2342.847545 0.285992 
3.199219 -0.285431 0.000574 2338.249323 0.285431 
3.203125 -0.284858 0.000573 2333.563066 0.284858 
3.207031 -0.284276 0.000572 2328.788953 0.284276 
3.210938 -0.283682 0.000571 2323.927162 0.283682 
3.214844 -0.283078 0.000570 2318.977876 0.283078 
3.218750 -0.282463 0.000568 2313.941282 0.282463 
3.222656 -0.281838 0.000567 2308.817570 0.281838 
3.226562 -0.281202 0.000566 2303.606932 0.281202 
3.230469 -0.280555 0.000564 2298.309564 0.280555 
3.234375 -0.279898 0.000563 2292.925667 0.279898 
3.238281 -0.279230 0.000562 2287.455442 0.279230 
3.242188 -0.278552 0.000560 2281.899095 0.278552 
3.246094 -0.277863 0.000559 2276.256837 0.277863 
3.250000 -0.277164 0.000558 2270.528878 0.277164 
3.253906 -0.276454 0.000556 2264.715436 0.276454 
3.257812 -0.275734 0.000555 2258.816728 0.275734 
3.261719 -0.275004 0.000553 2252.832977 0.275004 
3.265625 -0.274263 0.000552 2246.764408 0.274263 
3.269531 -0.273512 0.000550 2240.611250 0.273512 
3.273438 -0.272750 0.000549 2234.373734 0.272750 
3.277344 -0.271979 0.000547 2228.052095 0.271979 
3.281250 -0.271197 0.000546 2221.646571 0.271197 
3.285156 -0.270405 0.000544 2215.157404 0.270405 
3.289062 -0.269602 0.000542 2208.584837 0.269602 
3.292969 -0.268790 0.000541 2201.929118 0.268790 
3.296875 -0.267967 0.000539 2195.190498 0.267967 
3.300781 -0.267135 0.000537 2188.369230 0.267135 
3.304688 -0.266292 0.000536 2181.465571 0.266292 
3.308594 -0.265439 0.000534 2174.479781 0.265439 
3.312500 -0.264576 0.000532 2167.412123 0.264576 
3.316406 -0.263704 0.000531 2160.262863 0.263704 
3.320312 -0.262821 0.000529 2153.032271 0.262821 
3.324219 -0.261928 0.000527 2145.720618 0.261928 
3.328125 -0.261026 0.000525 2138.328181 0.261026 
3.332031 -0.260114 0.000523 2130.855236 0.260114 
3.335938 -0.259192 0.000521 2123.302066 0.259192 
3.339844 -0.258260 0.000520 2115.668954 0.258260 
3.343750 -0.257319 0.000518 2107.956189 0.257319 
3.347656 -0.256367 0.000516 2100.164061 0.256367 
3.351562 -0.255407 0.000514 2092.292862 0.255407 
3.355469 -0.254436 0.000512 2084.342890 0.254436 
3.359375 -0.253456 0.000510 2076.314444 0.253456 
3.363281 -0.252466 0.000508 2068.207825 0.252466 
3.367188 -0.251467 0.000506 2060.023340 0.251467 
3.371094 -0.250459 0.000504 2051.761296 0.250459 
3.375000 -0.249441 0.000502 2043.422004 0.249441 
3.378906 -0.248414 0.000500 2035.005779 0.248414 
3.382812 -0.247377 0.000498 2026.512937 0.247377 
3.386719 -0.246331 0.000496 2017.943797 0.246331 
3.390625 -0.245275 0.000493 2009.298684 0.245275 
3.394531 -0.244211 0.000491 2000.577921 0.244211 
3.398438 -0.243137 0.000489 1991.781838 0.243137 
3.402344 -0.242054 0.000487 1982.910765 0.242054 
3.406250 -0.240962 0.000485 1973.965037 0.240962 
3.410156 -0.239861 0.000483 1964.944990 0.239861 
3.414062 -0.238751 0.000480 1955.850964 0.238751 
3.417969 -0.237632 0.000478 1946.683301 0.237632 
3.421875 -0.236504 0.000476 1937.442347 0.236504 
3.425781 -0.235367 0.000474 1928.128449 0.235367 
3.429688 -0.234221 0.000471 1918.741958 0.234221 
3.433594 -0.233067 0.000469 1909.283228 0.233067 
3.437500 -0.231903 0.000467 1899.752614 0.231903 
3.441406 -0.230731 0.000464 1890.150476 0.230731 
3.445312 -0.229550 0.000462 1880.477175 0.229550 
3.449219 -0.228361 0.000459 1870.733074 0.228361 
3.453125 -0.227163 0.000457 1860.918542 0.227163 
3.457031 -0.225956 0.000455 1851.033947 0.225956 
3.460938 -0.224741 0.000452 1841.079662 0.224741 
3.464844 -0.223517 0.000450 1831.056061 0.223517 
3.468750 -0.222285 0.000447 1820.963522 0.222285 
3.472656 -0.221045 0.000445 1810.802424 0.221045 
3.476562 -0.219796 0.000442 1800.573151 0.219796 
3.480469 -0.218539 0.000440 1790.276088 0.218539 
3.484375 -0.217274 0.000437 1779.911621 0.217274 
3.488281 -0.216001 0.000435 1769.480142 0.216001 
3.492188 -0.214719 0.000432 1758.982043 0.214719 
3.496094 -0.213430 0.000429 1748.417719 0.213430 
3.500000 -0.212132 0.000427 1737.787568 0.212132 
3.503906 -0.210826 0.000424 1727.091991 0.210826 
3.507812 -0.209513 0.000422 1716.331390 0.209513 
3.511719 -0.208191 0.000419 1705.506169 0.208191 
3.515625 -0.206862 0.000416 1694.616737 0.206862 
3.519531 -0.205525 0.000414 1683.663504 0.205525 
3.523438 -0.204180 0.000411 1672.646882 0.204180 
3.527344 -0.202828 0.000408 1661.567286 0.202828 
3.531250 -0.201468 0.000405 1650.425133 0.201468 
3.535156 -0.200100 0.000403 1639.220842 0.200100 
3.539062 -0.198725 0.000400 1627.954835 0.198725 
3.542969 -0.197342 0.000397 1616.627537 0.197342 
3.546875 -0.195952 0.000394 1605.239373 0.195952 
3.550781 -0.194554 0.000391 1593.790774 0.194554 
3.554688 -0.193149 0.000389 1582.282169 0.193149 
3.558594 -0.191737 0.000386 1570.713992 0.191737 
3.562500 -0.190318 0.000383 1559.086678 0.190318 
3.566406 -0.188891 0.000380 1547.400666 0.188891 
3.570312 -0.187458 0.000377 1535.656395 0.187458 
3.574219 -0.186017 0.000374 1523.854307 0.186017 
3.578125 -0.184569 0.000371 1511.994847 0.184569 
3.582031 -0.183115 0.000368 1500.078462 0.183115 
3.585938 -0.181653 0.000365 1488.105599 0.181653 
3.589844 -0.180185 0.000363 1476.076710 0.180185 
3.593750 -0.178710 0.000360 1463.992247 0.178710 
3.597656 -0.177228 0.000357 1451.852666 0.177228 
3.601562 -0.175739 0.000354 1439.658424 0.175739 
3.605469 -0.174244 0.000351 1427.409979 0.174244 
3.609375 -0.172742 0.000348 1415.107793 0.172742 
3.613281 -0.171234 0.000345 1402.752329 0.171234 
3.617188 -0.169720 0.000341 1390.344052 0.169720 
3.621094 -0.168198 0.000338 1377.883430 0.168198 
3.625000 -0.166671 0.000335 1365.370931 0.166671 
3.628906 -0.165137 0.000332 1352.807026 0.165137 
3.632812 -0.163597 0.000329 1340.192190 0.163597 
3.636719 -0.162051 0.000326 1327.526895 0.162051 
3.640625 -0.160499 0.000323 1314.811620 0.160499 
3.644531 -0.158941 0.000320 1302.046843 0.158941 
3.648438 -0.157377 0.000317 1289.233045 0.157377 
3.652344 -0.155807 0.000313 1276.370708 0.155807 
3.656250 -0.154231 0.000310 1263.460316 0.154231 
3.660156 -0.152649 0.000307 1250.502356 0.152649 
3.664062 -0.151062 0.000304 1237.497315 0.151062 
3.667969 -0.149468 0.000301 1224.445683 0.149468 
3.671875 -0.147869 0.000298 1211.347951 0.147869 
3.675781 -0.146265 0.000294 1198.204613 0.146265 
3.679688 -0.144655 0.000291 1185.016163 0.144655 
3.683594 -0.143040 0.000288 1171.783097 0.143040 
3.687500 -0.141419 0.000285 1158.505915 0.141419 
3.691406 -0.139793 0.000281 1145.185116 0.139793 
3.695312 -0.138162 0.000278 1131.821201 0.138162 
3.699219 -0.136525 0.000275 1118.414674 0.136525 
3.703125 -0.134883 0.000271 1104.966039 0.134883 
3.707031 -0.133237 0.000268 1091.475802 0.133237 
3.710938 -0.131585 0.000265 1077.944473 0.131585 
3.714844 -0.129928 0.000261 1064.372559 0.129928 
3.718750 -0.128267 0.000258 1050.760572 0.128267 
3.722656 -0.126600 0.000255 1037.109025 0.126600 
3.726562 -0.124929 0.000251 1023.418431 0.124929 
3.730469 -0.123253 0.000248 1009.689306 0.123253 
3.734375 -0.121572 0.000245 995.922166 0.121572 
3.738281 -0.119887 0.000241 982.117531 0.119887 
3.742188 -0.118198 0.000238 968.275920 0.118198 
3.746094 -0.116504 0.000234 954.397853 0.116504 
3.750000 -0.114805 0.000231 940.483854 0.114805 
3.753906 -0.113102 0.000228 926.534447 0.113102 
3.757812 -0.111395 0.000224 912.550156 0.111395 
3.761719 -0.109684 0.000221 898.531507 0.109684 
3.765625 -0.107969 0.000217 884.479030 0.107969 
3.769531 -0.106249 0.000214 870.393253 0.106249 
3.773438 -0.104526 0.000210 856.274705 0.104526 
3.777344 -0.102798 0.000207 842.123920 0.102798 
3.781250 -0.101067 0.000203 827.941429 0.101067 
3.785156 -0.099332 0.000200 813.727766 0.099332 
3.789062 -0.097593 0.000196 799.483467 0.097593 
3.792969 -0.095851 0.000193 785.209068 0.095851 
3.796875 -0.094105 0.000189 770.905106 0.094105 
3.800781 -0.092355 0.000186 756.572121 0.092355 
3.804688 -0.090602 0.000182 742.210650 0.090602 
3.808594 -0.088845 0.000179 727.821236 0.088845 
3.812500 -0.087085 0.000175 713.404420 0.087085 
3.816406 -0.085322 0.000172 698.960744 0.085322 
3.820312 -0.083556 0.000168 684.490753 0.083556 
3.824219 -0.081786 0.000165 669.994992 0.081786 
3.828125 -0.080014 0.000161 655.474005 0.080014 
3.832031 -0.078238 0.000157 640.928340 0.078238 
3.835938 -0.076460 0.000154 626.358545 0.076460 
3.839844 -0.074678 0.000150 611.765167 0.074678 
3.843750 -0.072894 0.000147 597.148757 0.072894 
3.847656 -0.071107 0.000143 582.509865 0.071107 
3.851562 -0.069317 0.000139 567.849041 0.069317 
3.855469 -0.067525 0.000136 553.166838 0.067525 
3.859375 -0.065730 0.000132 538.463809 0.065730 
3.863281 -0.063933 0.000129 523.740507 0.063933 
3.867188 -0.062133 0.000125 508.997486 0.062133 
3.871094 -0.060331 0.000121 494.235302 0.060331 
3.875000 -0.058527 0.000118 479.454511 0.058527 
3.878906 -0.056721 0.000114 464.655668 0.056721 
3.882812 -0.054912 0.000111 449.839331 0.054912 
3.886719 -0.053101 0.000107 435.006058 0.053101 
3.890625 -0.051289 0.000103 420.156407 0.051289 
3.894531 -0.049474 0.000100 405.290937 0.049474 
3.898438 -0.047657 0.000096 390.410209 0.047657 
3.902344 -0.045839 0.000092 375.514781 0.045839 
3.906250 -0.044019 0.000089 360.605216 0.044019 
3.910156 -0.042197 0.000085 345.682075 0.042197 
3.914062 -0.040374 0.000081 330.745918 0.040374 
3.917969 -0.038549 0.000078 315.797309 0.038549 
3.921875 -0.036723 0.000074 300.836811 0.036723 
3.925781 -0.034896 0.000070 285.864986 0.034896 
3.929688 -0.033067 0.000067 270.882399 0.033067 
3.933594 -0.031236 0.000063 255.889613 0.031236 
3.937500 -0.029405 0.000059 240.887192 0.029405 
3.941406 -0.027573 0.000056 225.875703 0.027573 
3.945312 -0.025739 0.000052 210.855710 0.025739 
3.949219 -0.023905 0.000048 195.827778 0.023905 
3.953125 -0.022069 0.000044 180.792473 0.022069 
3.957031 -0.020233 0.000041 165.750361 0.020233 
3.960938 -0.018396 0.000037 150.702009 0.018396 
3.964844 -0.016559 0.000033 135.647983 0.016559 
3.968750 -0.014720 0.000030 120.588850 0.014720 
3.972656 -0.012881 0.000026 105.525177 0.012881 
3.976562 -0.011042 0.000022 90.457531 0.011042 
3.980469 -0.009202 0.000019 75.386480 0.009202 
3.984375 -0.007362 0.000015 60.312590 0.007362 
3.988281 -0.005522 0.000011 45.236429 0.005522 
3.992188 -0.003681 0.000007 30.158565 0.003681 
3.996094 -0.001841 0.000004 15.079566 0.001841 
